40
43
44
52
58
97
243
307
311
370
373
402
420
484
488
489
492
500
502
567
601
609
620
655
686
799
818
876
907
907
950
967
1020
1062
1102
1132
1150
1280
1293
1308
1318
1323
1441
1460
1463
1546
1702
1726
1742
1747
1842
1859
1860
1951
1955
2035
2035
2048
2065
2136
2219
2280
2295
2339
2357
2399
2437
2438
2635
2641
2647
2651
2659
2737
2917
3037
3051
3080
3103
3149
3173
3208
3219
3221
3350
3472
3489
3565
3593
3632
3678
3682
3698
3787
3819
3834
3869
3913
3939
4034
4085
4101
4102
4119
4139
4169
4198
4199
4276
4337
4386
4413
4418
4482
4482
4680
4766
4795
4838
4847
4888
4890
4959
4983
5013
5037
5068
5187
5219
5273
5325
5336
5337
5374
5379
5382
5455
5469
5597
5626
5647
5659
5687
5740
5753
5782
5812
5826
5855
5904
5908
5919
5960
5960
5996
6014
6083
6104
6170
6181
6250
6276
6280
6314
6415
6453
6578
6628
6638
6661
6678
6806
6856
6908
6936
6958
6994
7119
7145
7166
7174
7244
7281
7301
7312
7348
7385
7402
7544
7620
7642
7649
7670
7698
7734
7784
7790
7801
7806
7898
7904
7971
8039
8107
8268
8282
8298
8306
8337
8338
8371
8453
8459
8464
8465
8517
8559
8581
8594
8639
8711
8774
8817
8817
8955
9006
9064
9099
9130
9141
9314
9318
9397
9403
9407
9434
9481
9482
9588
9594
9653
9680
9707
9733
9813
9839
9901
9928
9977
10078
10136
10226
10276
10279
10326
10359
10368
10378
10438
10481
10526
10535
10544
10565
10572
10607
10612
10672
10705
10720
10734
10747
10758
10770
10811
10819
10850
10851
10856
10995
11001
11065
11085
11132
11155
11232
11287
11345
11373
11412
11460
11510
11592
11597
11677
11712
11809
11823
11922
11944
11950
11990
12074
12085
12098
12171
12253
12280
12324
12328
12517
12549
12611
12626
12626
12826
12863
12880
12882
12884
12947
12981
12987
13022
13038
13065
13074
13123
13339
13351
13352
13407
13434
13469
13499
13512
13515
13529
13543
13562
13564
13620
13786
13805
13830
14007
14033
14131
14140
14184
14186
14203
14268
14274
14291
14319
14398
14419
14457
14461
14477
14529
14545
14564
14600
14650
14656
14694
14710
14773
14781
14799
14936
15022
15032
15047
15076
15078
15082
15086
15198
15259
15264
15355
15442
15492
15563
15578
15589
15598
15656
15675
15715
15833
15886
15896
15903
16035
16036
16037
16084
16095
16106
16216
16243
16247
16259
16283
16303
16311
16362
16364
16485
16622
16676
16702
16722
16744
16746
16851
16914
16926
16930
16995
17061
17067
17084
17089
17130
17142
17144
17179
17182
17200
17209
17294
17317
17390
17412
17422
17556
17567
17587
17701
17701
17779
17799
17806
17806
17874
17878
17945
18019
18117
18137
18166
18170
18199
18331
18339
18341
18372
18402
18488
18499
18521
18551
18582
18617
18651
18657
18705
18730
18752
18768
18798
18825
18879
18904
18910
18911
18921
18926
19115
19118
19238
19303
19344
19367
19422
19434
19467
19569
19622
19655
19661
19688
19756
19861
19862
19880
19884
20005
20030
20101
20202
20213
20270
20311
20364
20391
20405
20419
20452
20648
20656
20670
20776
20802
20844
20892
20939
20980
20995
21003
21048
21063
21064
21083
21083
21114
21168
21213
21216
21340
21343
21495
21565
21597
21739
21743
21786
21832
21876
22062
22074
22090
22095
22116
22124
22166
22177
22195
22236
22266
22313
22318
22378
22384
22386
22416
22439
22461
22541
22559
22581
22600
22600
22617
22696
22796
22860
22991
23038
23218
23260
23273
23307
23321
23325
23336
23378
23414
23418
23452
23469
23541
23548
23575
23618
23725
23751
23824
23937
23997
24033
24136
24221
24227
24402
24411
24514
24531
24600
24603
24628
24663
24667
24740
24753
24783
24859
25010
25034
25038
25107
25141
25169
25238
25261
25273
25395
25406
25425
25508
25516
25550
25576
25599
25635
25678
25710
25729
25733
25739
25758
25762
25767
25787
25824
25855
25954
25956
25977
25985
26031
26048
26081
26084
26101
26124
26128
26179
26240
26416
26456
26525
26537
26599
26614
26635
26724
26834
26851
27001
27015
27041
27060
27141
27151
27161
27198
27257
27338
27350
27426
27477
27489
27507
27558
27561
27574
27627
27643
27644
27724
27729
27760
27823
27856
27968
28043
28114
28134
28178
28196
28207
28209
28228
28339
28382
28422
28423
28459
28529
28539
28543
28574
28609
28625
28640
28698
28717
28733
28765
28816
28833
28895
28956
28962
28990
28994
29024
29070
29158
29178
29256
29424
29541
29554
29589
29700
29720
29755
29826
29842
29868
29912
29957
30022
30057
30106
30138
30152
30167
30184
30205
30345
30446
30504
30525
30584
30616
30660
30684
30727
30744
30791
30798
30820
30828
30836
30883
30954
30968
30974
31008
31024
31075
31133
31211
31215
31237
31255
31357
31458
31498
31530
31539
31634
31651
31682
32011
32085
32104
32124
32183
32183
32208
32249
32319
32397
32478
32528
32546
32575
32607
32680
32719
32758
